# lack of fit test from Ott

x <- c(20,20,20,40,40,40,60,60,60)
y <- c(86,80,77,78,84,74,33,38,43)